===== Run log =====
Date        : 2026-06-29T13:32:54.492
Model       : SV_r
Model file  : /Users/loudodin/PhD/GitHub/dodin_phd/modelisation/2606/260629/local/models/SV_r.jl
n_runs      : 1
cycles_fit  : 5
cycles_sim  : 5
replicates  : ["A", "B", "C"]
n_interior  : [0, 0, 0, 0, 0]
N_KNOTS     : 6

===== Fixed parameters =====
  K = 6.675449070379925e7
  δ = 0.02

===== Spline knots =====
  knot[1] = 0.0 days
  knot[2] = 24.7708 days
  knot[3] = 34.4375 days
  knot[4] = 43.1042 days
  knot[5] = 55.8542 days
  knot[6] = 65.6667 days

===== All runs =====
  Run 1 (seed=1001) : loss=68.54349348198981

===== Best result =====
  Loss = 68.54349348198981
  ϕ         : 1.7320601861309092e-10
  β         : 499.99999986836957
  r at knots : [0.13026272891833982, 0.1026606003768675, 0.5096913694603602, 0.17142591556044354, 0.3106009440274928, 0.37449554348221825]

===== Information Criteria =====
  n_obs = 320
  k     = 7  (fitted params)
  RSS   = 1119.5657956527675
  logL  = -654.4403643653691
  AIC   = 1322.8807287307382
  AICc  = 1323.2397030897125
  BIC   = 1349.2589757012945
