===== Run log =====
Date        : 2026-06-23T13:21:12.251
Model       : SR_RS
Model file  : /Users/loudodin/PhD/GitHub/dodin_phd/modelisation/2606/260623/local/models/SR_RS.jl
n_runs      : 1
cycles_fit  : 5
cycles_sim  : 5
replicates  : ["A", "B", "C"]
n_interior  : [2, 2, 2, 2, 2]
N_KNOTS     : 16
N_PARAMS    : 33  (1 ϕ + 16 c-knots + 16 p-knots)

===== Fixed parameters =====
  r = 0.574619342477644
  K = 6.675449070379925e7
  β = 144.0
  δ = 0.02

===== Spline knots =====
  knot[1] = 0.0 days
  knot[2] = 8.2569 days
  knot[3] = 16.5139 days
  knot[4] = 24.7708 days
  knot[5] = 27.9931 days
  knot[6] = 31.2153 days
  knot[7] = 34.4375 days
  knot[8] = 37.3264 days
  knot[9] = 40.2153 days
  knot[10] = 43.1042 days
  knot[11] = 47.3611 days
  knot[12] = 51.6181 days
  knot[13] = 55.8542 days
  knot[14] = 59.125 days
  knot[15] = 62.3958 days
  knot[16] = 65.6667 days

===== All runs =====
  Run 1 (seed=1001) : loss=3.2695267319758488

===== Best result =====
  Loss = 3.2695267319758488
  ϕ    = 5.991307056736048e-9
  c at knots : [4.145938032300575e-5, 1.0819343211688677e-6, 7.621502518712406e-6, 3.59020300440271e-5, 0.012161014613857187, 1.2254730190295878e-9, 0.2659717701987758, 0.00793762032036409, 7.72788449749532e-8, 0.023445921499347454, 9.248184270598643e-8, 0.00011608763318626758, 0.003686356512690268, 0.031117852256508843, 0.0650376126266474, 0.037355346885153906]
  p at knots : [0.999964412635099, 4.580874445960673e-10, 0.0023846849455884953, 0.9999999998180664, 0.00048512947681624, 0.026768908409943653, 0.6542856981529968, 0.9997747781801304, 0.9999998018894738, 5.496873919117854e-9, 0.9996280129260295, 0.2342874496242349, 7.215235664809859e-7, 0.0018668420809692398, 0.9503623118590204, 1.40175478031034e-9]

===== Information Criteria =====
  n_obs = 320
  k     = 33  (fitted params)
  RSS   = 35.56772385818573
  logL  = -102.55914624577105
  AIC   = 271.1182924915421
  AICc  = 278.96444633769596
  BIC   = 395.47288535273657
