===== Run log =====
Date        : 2026-06-29T11:38:08.546
Model       : SV
Model file  : /Users/loudodin/PhD/GitHub/dodin_phd/modelisation/2606/260629/local/models/SV_phi.jl
n_runs      : 1
cycles_fit  : 5
cycles_sim  : 5
replicates  : ["A", "B", "C"]
n_interior  : [3, 2, 2, 3, 2]
N_KNOTS     : 18

===== Fixed parameters =====
  r = 0.574619342477644
  K = 6.675449070379925e7
  β = 144.0
  δ = 0.02

===== Spline knots =====
  knot[1] = 0.0 days
  knot[2] = 6.1927 days
  knot[3] = 12.3854 days
  knot[4] = 18.5781 days
  knot[5] = 24.7708 days
  knot[6] = 27.9931 days
  knot[7] = 31.2153 days
  knot[8] = 34.4375 days
  knot[9] = 37.3264 days
  knot[10] = 40.2153 days
  knot[11] = 43.1042 days
  knot[12] = 46.2969 days
  knot[13] = 49.4896 days
  knot[14] = 52.6823 days
  knot[15] = 55.8542 days
  knot[16] = 59.125 days
  knot[17] = 62.3958 days
  knot[18] = 65.6667 days

===== All runs =====
  Run 1 (seed=1001) : loss=3.3871553178545573

===== Best result =====
  Loss = 3.3871553178545573
  ϕ at knots : [6.934012472504897e-9, 1.83118383373671e-9, 2.431694037631649e-12, 1.1418800008868813e-14, 6.996695960494478e-11, 7.913168636399788e-11, 1.6136703001897763e-10, 3.192141808209955e-11, 6.326859968441532e-10, 2.738640396996757e-10, 1.189342558713805e-10, 3.304352402240367e-10, 1.316186245828631e-10, 1.4998025116824428e-11, 9.418000423248022e-12, 3.3835083359665627e-10, 2.7737269110824995e-10, 4.287164734799988e-11]

===== Information Criteria =====
  n_obs = 320
  k     = 18  (fitted params)
  RSS   = 35.99277403870159
  logL  = -104.45988284437112
  AIC   = 244.91976568874225
  AICc  = 247.19219093791168
  BIC   = 312.74954361303014
