===== Run log =====
Date        : 2026-06-23T13:09:48.974
Model       : SR_RS
Model file  : /Users/loudodin/PhD/GitHub/dodin_phd/modelisation/2606/260623/local/models/SR_RS.jl
n_runs      : 1
cycles_fit  : 5
cycles_sim  : 5
replicates  : ["A", "B", "C"]
n_interior  : [1, 1, 1, 1, 1]
N_KNOTS     : 11
N_PARAMS    : 23  (1 ϕ + 11 c-knots + 11 p-knots)

===== Fixed parameters =====
  r = 0.574619342477644
  K = 6.675449070379925e7
  β = 144.0
  δ = 0.02

===== Spline knots =====
  knot[1] = 0.0 days
  knot[2] = 12.3854 days
  knot[3] = 24.7708 days
  knot[4] = 29.6042 days
  knot[5] = 34.4375 days
  knot[6] = 38.7708 days
  knot[7] = 43.1042 days
  knot[8] = 49.4896 days
  knot[9] = 55.8542 days
  knot[10] = 60.7604 days
  knot[11] = 65.6667 days

===== All runs =====
  Run 1 (seed=1001) : loss=3.32620101823283

===== Best result =====
  Loss = 3.32620101823283
  ϕ    = 5.9468647975138145e-9
  c at knots : [5.4507093127972814e-5, 4.677212074807391e-8, 0.012681250490739303, 0.0011127927452817005, 0.010142864424206862, 0.23803096450906977, 0.04597923809398536, 2.7657546835734192e-5, 0.011966895425589454, 0.01263273462182594, 0.08525145067849278]
  p at knots : [0.9999999817227235, 0.9858345877793356, 3.57758929098154e-9, 0.00524681302445821, 4.064285176309714e-10, 0.9999326110030885, 0.11528980958706025, 3.346289853543371e-9, 0.002288158025743745, 5.837362792301399e-9, 0.4224433591178554]

===== Information Criteria =====
  n_obs = 320
  k     = 23  (fitted params)
  RSS   = 35.99006820862578
  logL  = -104.4478540664341
  AIC   = 254.8957081328682
  AICc  = 258.62543786259795
  BIC   = 341.56709103612496
