===== Run log =====
Date        : 2026-06-29T12:13:43.210
Model       : SV_beta
Model file  : /Users/loudodin/PhD/GitHub/dodin_phd/modelisation/2606/260629/local/models/SV_beta.jl
n_runs      : 1
cycles_fit  : 5
cycles_sim  : 5
replicates  : ["A", "B", "C"]
n_interior  : [3, 2, 2, 3, 2]
N_KNOTS     : 18

===== Fixed parameters =====
  r = 0.574619342477644
  K = 6.675449070379925e7
  δ = 0.02

===== Spline knots =====
  knot[1] = 0.0 days
  knot[2] = 6.1927 days
  knot[3] = 12.3854 days
  knot[4] = 18.5781 days
  knot[5] = 24.7708 days
  knot[6] = 27.9931 days
  knot[7] = 31.2153 days
  knot[8] = 34.4375 days
  knot[9] = 37.3264 days
  knot[10] = 40.2153 days
  knot[11] = 43.1042 days
  knot[12] = 46.2969 days
  knot[13] = 49.4896 days
  knot[14] = 52.6823 days
  knot[15] = 55.8542 days
  knot[16] = 59.125 days
  knot[17] = 62.3958 days
  knot[18] = 65.6667 days

===== All runs =====
  Run 1 (seed=1001) : loss=42.215464583058385

===== Best result =====
  Loss = 42.215464583058385
  ϕ         : 4.388955552024106e-9
  β at knots : [499.9999587873065, 2.407675029228126, 1.0000042686883808, 1.0001476656694293, 1.0000222504688598, 4.641072573632686, 4.391108188342941, 4.34194747024273, 17.82513986293444, 9.365810623402865, 9.616907856064962, 10.45770511939197, 3.2986010861420842, 1.000001949909985, 6.192767135618573, 17.24503772860418, 7.044760808184576, 10.611457720651426]

===== Information Criteria =====
  n_obs = 320
  k     = 19  (fitted params)
  RSS   = 723.541229954598
  logL  = -584.594176299209
  AIC   = 1207.188352598418
  AICc  = 1209.7216859317514
  BIC   = 1278.7864515184997
