===== Run log =====
Date        : 2026-06-29T12:18:34.438
Model       : SV_beta
Model file  : /Users/loudodin/PhD/GitHub/dodin_phd/modelisation/2606/260629/local/models/SV_beta.jl
n_runs      : 1
cycles_fit  : 5
cycles_sim  : 5
replicates  : ["A", "B", "C"]
n_interior  : [0, 0, 0, 0, 0]
N_KNOTS     : 6

===== Fixed parameters =====
  r = 0.574619342477644
  K = 6.675449070379925e7
  δ = 0.02

===== Spline knots =====
  knot[1] = 0.0 days
  knot[2] = 24.7708 days
  knot[3] = 34.4375 days
  knot[4] = 43.1042 days
  knot[5] = 55.8542 days
  knot[6] = 65.6667 days

===== All runs =====
  Run 1 (seed=1001) : loss=62.42386376656892

===== Best result =====
  Loss = 62.42386376656892
  ϕ         : 1.517106173966668e-9
  β at knots : [499.9999999999679, 1.0000000000000062, 36.08790786943055, 17.035282499615466, 11.217520955723751, 37.07053203826165]

===== Information Criteria =====
  n_obs = 320
  k     = 7  (fitted params)
  RSS   = 1079.8016556624
  logL  = -648.6541954725233
  AIC   = 1311.3083909450465
  AICc  = 1311.667365304021
  BIC   = 1337.686637915603
